FID IID Y1 Y2
1 1 1 1
2 2 0 0
3 3 0 0
4 4 0 0
5 5 0 1
6 6 0 1
7 7 0 0
8 8 1 0
9 9 1 1
10 10 0 1
11 11 1 0
12 12 0 0
13 13 0 0
14 14 0 0
15 15 0 0
16 16 0 0
17 17 0 0
18 18 0 0
19 19 1 0
20 20 0 0
21 21 0 0
22 22 0 0
23 23 0 0
24 24 0 0
25 25 1 0
26 26 0 0
27 27 0 0
28 28 0 0
29 29 0 0
30 30 0 0
31 31 0 0
32 32 1 0
33 33 0 1
34 34 0 1
35 35 1 1
36 36 0 0
37 37 0 0
38 38 0 0
39 39 0 1
40 40 0 0
41 41 1 0
42 42 1 1
43 43 1 1
44 44 0 0
45 45 0 0
46 46 1 1
47 47 1 0
48 48 0 0
49 49 0 0
50 50 0 0
51 51 0 0
52 52 0 0
53 53 0 0
54 54 0 0
55 55 1 0
56 56 1 1
57 57 0 0
58 58 0 0
59 59 0 0
60 60 0 0
61 61 0 1
62 62 0 0
63 63 1 1
64 64 1 1
65 65 0 0
66 66 0 0
67 67 0 1
68 68 0 0
69 69 0 0
70 70 0 1
71 71 0 0
72 72 0 0
73 73 0 0
74 74 0 0
75 75 0 0
76 76 0 0
77 77 0 0
78 78 0 0
79 79 0 0
80 80 0 0
81 81 0 0
82 82 0 1
83 83 0 1
84 84 0 0
85 85 0 0
86 86 0 0
87 87 1 1
88 88 0 0
89 89 1 1
90 90 0 1
91 91 1 1
92 92 0 0
93 93 0 0
94 94 0 0
95 95 0 0
96 96 1 0
97 97 0 1
98 98 0 0
99 99 0 0
100 100 0 0
101 101 0 0
102 102 0 1
103 103 0 0
104 104 0 0
105 105 0 0
106 106 0 1
107 107 0 0
108 108 0 0
109 109 1 0
110 110 0 1
111 111 0 0
112 112 0 0
113 113 1 0
114 114 0 0
115 115 0 0
116 116 0 0
117 117 0 0
118 118 0 0
119 119 1 1
120 120 0 0
121 121 0 0
122 122 0 0
123 123 0 0
124 124 1 1
125 125 0 1
126 126 0 0
127 127 0 0
128 128 0 0
129 129 1 0
130 130 0 0
131 131 1 1
132 132 0 0
133 133 1 1
134 134 0 0
135 135 0 0
136 136 0 0
137 137 0 1
138 138 0 1
139 139 1 0
140 140 0 0
141 141 0 0
142 142 1 0
143 143 1 1
144 144 0 0
145 145 1 1
146 146 0 0
147 147 0 0
148 148 1 0
149 149 0 0
150 150 0 1
151 151 0 0
152 152 0 0
153 153 1 0
154 154 0 0
155 155 1 1
156 156 1 1
157 157 0 0
158 158 1 0
159 159 0 0
160 160 0 0
161 161 0 0
162 162 1 1
163 163 1 1
164 164 0 1
165 165 1 1
166 166 0 0
167 167 1 0
168 168 0 1
169 169 1 1
170 170 1 1
171 171 0 0
172 172 0 0
173 173 0 0
174 174 0 0
175 175 0 0
176 176 0 0
177 177 0 1
178 178 0 0
179 179 0 0
180 180 0 0
181 181 1 1
182 182 0 1
183 183 1 0
184 184 0 0
185 185 1 1
186 186 1 0
187 187 0 0
188 188 0 0
189 189 0 0
190 190 0 0
191 191 0 0
192 192 0 0
193 193 1 1
194 194 0 0
195 195 0 0
196 196 0 0
197 197 1 1
198 198 0 0
199 199 0 1
200 200 0 0
201 201 0 0
202 202 0 0
203 203 0 0
204 204 0 0
205 205 1 0
206 206 1 1
207 207 1 1
208 208 0 0
209 209 0 1
210 210 0 0
211 211 0 1
212 212 0 0
213 213 0 0
214 214 0 0
215 215 0 0
216 216 0 0
217 217 1 0
218 218 0 1
219 219 0 0
220 220 1 0
221 221 0 0
222 222 1 0
223 223 0 0
224 224 1 0
225 225 0 0
226 226 0 0
227 227 0 1
228 228 0 0
229 229 0 0
230 230 0 0
231 231 0 0
232 232 1 1
233 233 0 0
234 234 1 0
235 235 0 0
236 236 1 1
237 237 0 0
238 238 1 1
239 239 0 0
240 240 0 0
241 241 0 0
242 242 0 0
243 243 1 1
244 244 1 0
245 245 0 0
246 246 0 0
247 247 1 0
248 248 0 0
249 249 0 0
250 250 1 0
251 251 0 0
252 252 0 1
253 253 1 1
254 254 0 0
255 255 0 0
256 256 0 0
257 257 0 1
258 258 0 0
259 259 0 0
260 260 0 0
261 261 0 0
262 262 0 0
263 263 0 0
264 264 0 0
265 265 0 0
266 266 0 0
267 267 1 1
268 268 0 1
269 269 0 0
270 270 0 0
271 271 1 0
272 272 0 0
273 273 1 0
274 274 0 0
275 275 0 0
276 276 0 0
277 277 0 0
278 278 0 0
279 279 0 0
280 280 0 0
281 281 0 1
282 282 0 0
283 283 0 1
284 284 1 1
285 285 0 0
286 286 0 0
287 287 0 0
288 288 0 0
289 289 0 0
290 290 1 0
291 291 0 0
292 292 0 0
293 293 0 0
294 294 0 0
295 295 0 0
296 296 1 1
297 297 1 1
298 298 0 0
299 299 0 0
300 300 0 0
301 301 0 0
302 302 0 0
303 303 1 1
304 304 0 0
305 305 0 0
306 306 1 1
307 307 0 0
308 308 0 0
309 309 1 1
310 310 0 0
311 311 0 0
312 312 0 0
313 313 1 0
314 314 0 0
315 315 0 0
316 316 0 0
317 317 1 1
318 318 0 0
319 319 0 0
320 320 0 0
321 321 0 1
322 322 0 0
323 323 1 1
324 324 0 0
325 325 0 0
326 326 0 1
327 327 0 1
328 328 0 0
329 329 0 0
330 330 0 0
331 331 0 0
332 332 0 0
333 333 0 0
334 334 1 0
335 335 0 0
336 336 1 0
337 337 0 0
338 338 1 1
339 339 0 0
340 340 0 0
341 341 0 0
342 342 1 1
343 343 0 1
344 344 0 0
345 345 0 0
346 346 1 1
347 347 0 0
348 348 0 0
349 349 0 0
350 350 1 0
351 351 0 0
352 352 0 0
353 353 1 0
354 354 0 0
355 355 0 0
356 356 0 0
357 357 0 0
358 358 0 0
359 359 0 1
360 360 0 0
361 361 0 0
362 362 1 1
363 363 0 0
364 364 0 0
365 365 0 0
366 366 0 0
367 367 0 0
368 368 0 1
369 369 0 0
370 370 0 0
371 371 0 0
372 372 0 1
373 373 1 1
374 374 0 1
375 375 0 0
376 376 0 0
377 377 0 0
378 378 0 0
379 379 1 0
380 380 0 0
381 381 0 0
382 382 0 0
383 383 0 0
384 384 0 0
385 385 0 0
386 386 0 0
387 387 0 0
388 388 0 0
389 389 0 0
390 390 0 0
391 391 0 0
392 392 0 0
393 393 0 0
394 394 0 0
395 395 1 1
396 396 0 0
397 397 1 0
398 398 0 0
399 399 0 0
400 400 0 0
401 401 0 0
402 402 1 0
403 403 1 1
404 404 0 0
405 405 1 0
406 406 1 0
407 407 0 1
408 408 0 0
409 409 1 0
410 410 0 0
411 411 0 0
412 412 0 1
413 413 0 0
414 414 1 0
415 415 1 1
416 416 1 1
417 417 1 1
418 418 0 0
419 419 1 1
420 420 0 0
421 421 1 0
422 422 0 0
423 423 0 0
424 424 0 0
425 425 0 1
426 426 0 0
427 427 0 0
428 428 1 0
429 429 0 0
430 430 0 0
431 431 0 0
432 432 0 0
433 433 0 0
434 434 0 0
435 435 0 0
436 436 0 0
437 437 1 1
438 438 1 1
439 439 0 0
440 440 0 0
441 441 0 1
442 442 0 0
443 443 1 0
444 444 0 0
445 445 0 0
446 446 0 0
447 447 1 0
448 448 0 0
449 449 1 0
450 450 1 1
451 451 0 0
452 452 0 0
453 453 1 1
454 454 0 0
455 455 0 0
456 456 1 0
457 457 0 0
458 458 1 0
459 459 1 0
460 460 0 0
461 461 0 0
462 462 1 1
463 463 0 0
464 464 0 1
465 465 0 0
466 466 0 0
467 467 0 0
468 468 0 0
469 469 0 0
470 470 0 0
471 471 0 0
472 472 0 1
473 473 1 1
474 474 0 0
475 475 1 1
476 476 0 0
477 477 0 0
478 478 0 0
479 479 0 0
480 480 1 1
481 481 0 0
482 482 0 0
483 483 0 0
484 484 0 0
485 485 1 0
486 486 1 0
487 487 0 0
488 488 0 0
489 489 1 1
490 490 0 0
491 491 0 0
492 492 0 0
493 493 1 1
494 494 0 1
495 495 0 0
496 496 0 0
497 497 0 0
498 498 0 0
499 499 0 0
500 500 1 0
